1000.0 0.0
2000.0 4.659084801514041e-28
3000.0 1.2221971293274054e-12
4000.0 2.968836619791069e-07
5000.0 6.097084406392876e-05
6000.0 0.0009282890313571556
7000.0 0.004953197315759451
8000.0 0.015168171058339472
9000.0 0.03318900812997602
10000.0 0.05860284681464696
11000.0 0.08982467563802375
12000.0 0.12499984970751624
13000.0 0.16242626946888242
14000.0 0.2007902246168818
15000.0 0.2391397322224568
16000.0 0.27681142214834575
17000.0 0.31338312428650056
18000.0 0.34858874769636256
19000.0 0.38228032295647085
20000.0 0.4143827550701827
21000.0 0.44487543659120354
22000.0 0.4737798812878428
23000.0 0.5011367076226572
24000.0 0.5270010608744141
25000.0 0.55143997171222
26000.0 0.574522987202887
27000.0 0.596320804288358
28000.0 0.6169044068950307
29000.0 0.6363421988976641
30000.0 0.6547001443296593
31000.0 0.6720415536329171
32000.0 0.6884269301464113
33000.0 0.7039137953016615
34000.0 0.7185555260012119
35000.0 0.7324024787691135
36000.0 0.7455023224269156
37000.0 0.7578996668447863
38000.0 0.7696361949691405
39000.0 0.7807509320592325
40000.0 0.7912803183255382
41000.0 0.8012586290101771
42000.0 0.8107180206115345
43000.0 0.8196881841811746
44000.0 0.8281970403444415
45000.0 0.8362710237386695
46000.0 0.8439348304821188
47000.0 0.8512112535262526
48000.0 0.8581219306252112
49000.0 0.8646871691130508
50000.0 0.8709258103438773
51000.0 0.8768557596009843
52000.0 0.8824938068694443
53000.0 0.8878557083809283
54000.0 0.8929562886259921
55000.0 0.8978093208929756
56000.0 0.9024278801340839
57000.0 0.9068243411617785
58000.0 0.911010286890162
59000.0 0.9149967790115517
60000.0 0.9187940488092111
61000.0 0.9224118255019085
62000.0 0.9258592661106049
63000.0 0.9291449378163424
64000.0 0.9322771201250803
65000.0 0.9352635980704241
66000.0 0.938111582914485
67000.0 0.9408279106905533
68000.0 0.9434191107003128
69000.0 0.9458914169199307
70000.0 0.9482507199204697
71000.0 0.9505024986909575
72000.0 0.9526519300501681
73000.0 0.9547039570415532
74000.0 0.9566632873244485
75000.0 0.9585344334970457
76000.0 0.960321630428624
77000.0 0.9620288293444635
78000.0 0.9636597996641209
79000.0 0.965218169888257
80000.0 0.9667074159862478
81000.0 0.968130746229458
82000.0 0.9694911928287229
83000.0 0.9707916879322543
84000.0 0.9720350449333941
85000.0 0.9732239296690175
86000.0 0.974360821349532
87000.0 0.9754481040477002
88000.0 0.976488078500427
89000.0 0.9774828927133161
90000.0 0.9784345767022742
91000.0 0.9793451088650986
92000.0 0.9802163651675492
93000.0 0.9810500953419251
94000.0 0.9818479821813958
95000.0 0.982611653484377
96000.0 0.983342638644646
97000.0 0.9840423793345151
98000.0 0.9847122691046678
99000.0 0.9853536453534144
100000.0 0.985967763425214
101000.0 0.9865558212880045
102000.0 0.9871189769746495
103000.0 0.9876583316232193
104000.0 0.988174924995818
105000.0 0.9886697479335096
106000.0 0.9891437487162927
107000.0 0.989597833243181
108000.0 0.9900328681657288
109000.0 0.9904496800640029
110000.0 0.9908490615597559
111000.0 0.9912317717483782
112000.0 0.9915985307081548
113000.0 0.9919500218639399
114000.0 0.9922868973107116
115000.0 0.9926097754837933
116000.0 0.9929192505509387
117000.0 0.9932159039625071
118000.0 0.9935002910176317
119000.0 0.9937729308516293
120000.0 0.9940343188661788
121000.0 0.9942849317526592
122000.0 0.9945252256915769
123000.0 0.9947556378241202
124000.0 0.9949765864973368
125000.0 0.9951884711635177
126000.0 0.995391673356201
127000.0 0.9955865576929145
128000.0 0.9957734728076212
129000.0 0.9959527499627675
130000.0 0.9961247066476567
131000.0 0.9962896481869381
132000.0 0.9964478658398092
133000.0 0.9965996398794538
134000.0 0.9967452796734584
135000.0 0.9968850442129794
136000.0 0.9970191405950947
137000.0 0.997147804870277
138000.0 0.997271262703899
139000.0 0.9973897286129239
140000.0 0.9975034080643781
141000.0 0.9976124987991172
142000.0 0.997717189673252
143000.0 0.9978176609151783
144000.0 0.9979140860894355
145000.0 0.9980066316104066
146000.0 0.9980954569434817
147000.0 0.998180714806656
148000.0 0.9982625510287859
149000.0 0.9983411054018748
150000.0 0.9984165138164525
151000.0 0.9984889041433982
152000.0 0.9985583970673108
153000.0 0.9986251105045773
154000.0 0.9986891578065921
155000.0 0.9987506477931499
156000.0 0.9988096842713041
157000.0 0.9988663665437912
158000.0 0.9989207902114127
159000.0 0.9989730468372114
160000.0 0.999023223899102
161000.0 0.999071405386233
162000.0 0.9991176718229101
163000.0 0.999162100327909
164000.0 0.9992047650028809
165000.0 0.9992457369474105
166000.0 0.999285084154194
167000.0 0.99932287191209
168000.0 0.9993591630205318
169000.0 0.9993940175865025
170000.0 0.9994274932337297
171000.0 0.999459645337547
172000.0 0.9994905270203475
173000.0 0.999520189233696
174000.0 0.999548680810739
175000.0 0.9995760486560282
176000.0 0.9996023377904151
177000.0 0.9996275913401826
178000.0 0.999651850662707
179000.0 0.9996751551954659
180000.0 0.99969754271711
181000.0 0.9997190497404383
182000.0 0.9997397113511877
183000.0 0.9997595612130113
184000.0 0.9997786315992948
185000.0 0.9997969535033686
186000.0 0.9998145565353074
187000.0 0.999831469082269
188000.0 0.9998477185461104
189000.0 0.9998633312080593
190000.0 0.9998783323302258
191000.0 0.9998927461778109
192000.0 0.9999065959889902
193000.0 0.9999199041238775
194000.0 0.9999326921339537
195000.0 0.9999449806028368
196000.0 0.9999567892408062
197000.0 0.9999681369037984
198000.0 0.9999790416101019
199000.0 0.9999895208050509
200000.0 1.0
